00074
00073
00072
00071
00070
00069
00068
00067
00066
00065
00064
00063
00062
00061
00060
00057
00056
00055
00054
00053
00052
00051
00050
00049
00048
00047
00046
00045
00044
00043
00042
00041
00040
00039
00038
00037
00036
00035
00034
00033
00032
00031
00030
00029
00028
00027
00026
00025
00024
00023
00022
00021
00020
00019
00018
00017
00016
00015
00014
00013
00012
00011
00010
00009
00008
00007
00006
00005
00004
00003
00002
00001
40248
40247
40246
40245
40244
40243
40242
40241
40240
40239
40238
40237
40236
40235
40234
40233
40232
40231
40230
40229
40228
40227
40226
40225
40224
40223
40222
40221
40220
40219
40218
40217
40216
40215
40214
40213
40212
40211
40210
40209
40208
40207
40206
40205
40204
40203
40202
40201
40200
40199
40198
40197
40196
40195
40194
40193
40192
40191
40190
40189
40188
40187
40186
40185
40184
40183
40182
40181
40180
40179
40178
40177
40176
40175
40174
40173
40172
40171
40170
40169
40168
40167
40166
40165
40164
40163
40162
40161
40160
40159
40158
40157
40156
40155
40154
40153
40152
40151
40150
40149
40148
40147
40146
40145
40144
40143
40142
40141
40140
40139
40138
40137
40136
40135
40134
40133
40132
40131
40130
40129
40128
40127
40126
40148
40147
40146
40145
40144
40143
40142
40141
40140
40139
40138
40137
40136
40135
40134
40133
40132
40131
40130
40129
40128
40127
40126
40125
40125
40124
40123
40122
40121
40120
40119
40118
40117
40116
40115
40114
40113
40112
40111
40110
40109
40108
40107
40106
40105
40104
40103
40102
40101
40100
40099
40098
40097
40096
40095
40094
40093
40092
40091
40090
40089
40088
40087
40086
40085
40084
40083
40082
40081
40080
40079
40078
40077
40076
40075
40074
40073
40072
40071
40070
40069
40068
40067
40066
40065
40064
40063
40062
40061
40060
40059
40058
40057
40056
40055
40054
40053
40052
40051
40050
40049
40048
40047
40046
40045
40044
40043
40042
40041
40040
40039
40038
40037
40036
40035
40034
40032
40031
40030
40029
40028
40027
40026
40025
40024
40023
40022
40021
40020
40019
40018
40017
40016
40015
40014
40013
40012
40011
40010
40009
40008
40007
40006
40005
40004
40003
40002
40001
04085
04083
04082
04081
04080
04079
04077
04076
04074
04070
04069
04068
04067
04064
04063
04062
04061
04060
04059
04057
04056
04055
04054
04052
04051
04050
04049
04048
04047
04046
04045
04044
04043
04042
04041
04040
04038
04037
04035
04034
04032
04031
04030
04029
04028
04027
04026
04025
04024
04023
04022
04021
04020
04019
04018
04017
04016
04014
04013
04012
04011
04010
04009
04008
04007
04006
04004
04003
04002
01072
01069
01062
01060
01057
01056
01054
01052
01051
01050
01049
01048
01047
01046
01045
01044
01043
01042
01041
01039
01038
01037
01036
01035
01033
01032
01031
01030
01029
01028
01027
01025
01024
01023
01022
01021
01020
01019
01016
01015
01014
01013
01012
01011
01010
01009
01008
01007
01005
01004
01003
01002
01001
02147
02146
02145
02144
02143
02141
02139
02136
02135
02134
02133
02132
02131
02130
02129
02127
02124
02123
02122
02120
02119
02116
02114
02113
02112
02111
02110
02104
02101
02100
02099
02098
02097
02094
02093
02091
02090
02089
02088
02087
02086
02085
02084
02083
02082
02081
02080
02079
02078
02077
02076
02075
02074
02073
02070
02067
02066
02065
02063
02059
02053
02046
02045
02044
02043
02041
02040
02039
02038
02037
02036
02033
02032
02030
02029
02028
02027
02026
02025
02022
02021
02020
02019
02018
02014
02010
02008
02006
02005
02003
02002
02001
05197
05196
05195
05194
05193
05192
05191
05190
05189
05188
05187
05186
05185
05184
05183
05182
05180
05179
05178
05177
05176
05175
05174
05173
05172
05171
05170
05169
05168
05167
05166
05165
05164
05163
05162
05161
05160
05159
05158
05157
05156
05155
05154
05153
05152
05151
05150
05149
05148
05147
05146
05145
05144
05143
05142
05141
05140
05139
05138
05137
05136
05135
05134
05133
05132
05131
05130
05129
05128
05127
05126
05125
05124
05123
05122
05121
05120
05119
05118
05117
05116
05115
05114
05113
05111
05110
05109
05108
05107
05106
05105
05104
05103
05102
05101
05100
05099
05098
05097
05096
05095
05094
05093
05092
05091
05090
05089
05088
05087
05086
05085
05084
05083
05082
05081
05079
05078
05077
05076
05075
05074
05073
05072
05071
05070
05069
05068
05067
05066
05065
05064
05063
05062
05061
05060
05059
05058
05057
05056
05055
05054
05053
05052
05051
05050
05049
05048
05047
05046
05045
05044
05043
05042
05041
05040
05039
05038
05037
05036
05035
05034
05033
05032
05031
05030
05029
05028
05027
05025
05024
05023
05022
05021
05020
05019
05018
05017
05016
05015
05014
05013
05012
05011
05010
05008
05007
05006
05005
05004
05003
05002
05001
03215
03214
03213
03212
03211
03208
03207
03205
03204
03203
03202
03201
03199
03198
03197
03196
03195
03194
03193
03191
03190
03189
03188
03187
03186
03185
03184
03183
03182
03181
03179
03178
03177
03176
03175
03174
03171
03170
03169
03168
03167
03165
03164
03162
03161
03160
03159
03158
03157
03156
03155
03154
03149
03148
03147
03146
03145
03144
03143
03142
03141
03140
03139
03138
03137
03136
03135
03134
03133
03132
03131
03130
03128
03127
03126
03125
03124
03123
03121
03120
03119
03118
03116
03115
03114
03113
03112
03111
03110
03109
03108
03107
03106
03105
03104
03103
03102
03101
03100
03099
03098
03097
03095
03092
03091
03090
03089
03088
03087
03086
03084
03083
03081
03080
03078
03077
03076
03075
03074
03073
03072
03071
03070
03069
03068
03067
03065
03064
03063
03062
03061
03060
03059
03058
03057
03056
03055
03054
03053
03052
03051
03050
03049
03047
03046
03045
03044
03043
03042
03041
03040
03038
03037
03036
03035
03034
03033
03032
03030
03029
03028
03027
03026
03025
03024
03023
03022
03021
03020
03019
03018
03017
03016
03015
03014
03013
03012
03011
03010
03009
03007
03006
03005
03004
03003
03002
03001
06051
06048
06044
06043
06042
06040
06039
06038
06037
06035
06028
06025
06024
06020
06018
06017
06016
06014
06011
06010
06008
06007
06004
06003
06002
06001
07016
07015
07014
07013
07012
07010
07009
07008
07007
07006
07004
07003
07002
07001
08015
08034
08033
08032
08031
08030
08029
08027
08025
08022
08021
08020
08016
08013
08012
08009
08008
08007
08003
09164
09163
09160
09159
09158
09157
09156
09155
09154
09152
09151
09150
09149
09148
09147
09146
09145
09144
09143
09141
09140
09139
09138
09137
09136
09135
09134
09133
09132
09131
09130
09129
09128
09127
09126
09125
09124
09123
09122
09121
09120
09119
09118
09117
09116
09115
09114
09113
09112
09111
09110
09109
09108
09107
09106
09105
09104
09103
09102
09101
09100
09099
09098
09097
09096
09095
09094
09093
09092
09091
09090
09089
09088
09087
09085
09084
09083
09081
09080
09079
09078
09077
09076
09074
09073
09072
09071
09070
09069
09068
09067
09066
09065
09063
09061
09060
09059
09058
09057
09056
09055
09054
09053
09052
09051
09050
09049
09048
09047
09046
09045
09044
09043
09042
09041
09040
09039
09038
09037
09036
09035
09034
09033
09032
09031
09030
09029
09028
09027
09026
09025
09024
09023
09022
09021
09020
09019
09018
09017
09016
09015
09014
09013
09012
09011
09010
09009
09008
09007
09006
09005
09004
09003
09002
09001
13052
13051
13050
13049
13048
13047
13046
13045
13044
13043
13042
13041
13040
13039
13037
13036
13035
13034
13033
13032
13031
13030
13029
13028
13027
13026
13025
13024
13023
13022
13021
13020
13018
13017
13016
13015
13014
13013
13012
13011
13010
13009
13008
13007
13006
13005
13004
13002
13001
10092
10091
10090
10089
10088
10087
10085
10084
10083
10082
10081
10080
10079
10077
10076
10075
10074
10073
10072
10071
10070
10069
10068
10067
10066
10065
10064
10063
10062
10061
10060
10059
10058
10057
10056
10055
10054
10053
10052
10051
10050
10049
10048
10047
10046
10045
10044
10043
10042
10041
10040
10039
10038
10037
10036
10035
10034
10033
10032
10031
10030
10029
10028
10027
10026
10025
10024
10023
10022
10021
10020
10019
10018
10017
10016
10015
10014
10013
10012
10011
10010
10009
10008
10007
10006
10005
10004
10003
10002
10001
11063
11055
11054
11051
11044
11042
11032
11031
11030
11027
11026
11025
11024
11023
11022
11021
11020
11019
11016
11013
11011
11010
11008
11006
11004
11003
11001
12045
12044
12043
12042
12041
12040
12039
12038
12037
12036
12035
12034
12033
12032
12031
12030
12029
12028
12027
12026
12025
12023
12022
12021
12020
12019
12018
12017
12016
12015
12014
12013
12012
12011
12010
12009
12008
12007
12006
12005
12004
12003
12002
12001
14069
14067
14066
14064
14063
14056
14054
14053
14052
14051
14049
14048
14044
14039
14038
14037
14035
14034
14033
14032
14029
14028
14027
14025
14024
14022
14020
14019
14018
14017
14016
14014
14002
14001
15085
15084
15082
15081
15080
15079
15078
15077
15075
15073
15072
15071
15070
15069
15068
15066
15065
15064
15063
15062
15061
15060
15059
15058
15057
15056
15055
15054
15053
15052
15051
15050
15048
15047
15046
15045
15044
15043
15042
15041
15040
15039
15038
15036
15035
15034
15033
15032
15031
15030
15029
15028
15027
15026
15024
15023
15021
15020
15019
15018
15017
15016
15015
15014
15013
15011
15012
15010
15009
15008
15007
15006
15005
15004
15003
15001
16204
16203
16202
16201
16200
16199
16198
16195
16193
16192
16189
16188
16187
16184
16181
16180
16179
16178
16177
16176
16172
16170
16168
16167
16165
16164
16163
16162
16156
16155
16154
16153
16151
16149
16148
16147
16145
16144
16143
16141
16140
16137
16136
16135
16134
16133
16132
16131
16129
16128
16127
16126
16124
16123
16121
16120
16119
16118
16117
16116
16115
16113
16112
16111
16110
16107
16106
16105
16104
16100
16098
16097
16096
16095
16092
16091
16090
16087
16086
16085
16084
16083
16082
16080
16079
16078
16077
16076
16075
16074
16073
16072
16071
16070
16068
16065
16064
16063
16061
16059
16060
16057
16056
16055
16052
16051
16050
16049
16048
16047
16046
16045
16042
16041
16039
16038
16036
16035
16034
16032
16031
16030
16029
16028
16025
16024
16022
16021
16019
16018
16017
16016
16015
16014
16013
16011
16010
16009
16008
16007
16006
16005
16003
16002
16001
18041
18040
18039
18038
18037
18036
18035
18034
18032
18031
18029
18028
18027
18026
18025
18024
18023
18022
18021
18020
18019
18018
18017
18016
18015
18014
18013
18012
18011
18010
18009
18008
18007
18006
18005
18004
18003
18002
18001
17044
17042
17041
17040
17039
17038
17037
17031
17029
17027
17025
17021
17020
17019
17018
17017
17016
17014
17013
17011
17009
17008
17007
17006
17004
17002
20101
20100
20099
20098
20097
20096
20095
20094
20093
20092
20091
20090
20089
20088
20087
20086
20085
20084
20083
20082
20081
20080
20079
20078
20077
20076
20075
20074
20073
20072
20071
20070
20069
20068
20067
20066
20065
20064
20063
20062
20061
20060
20059
20058
20057
20056
20054
20055
20053
20052
20051
20050
20049
20048
20047
20046
20044
20043
20042
20041
20040
20039
20038
20037
20036
20035
20034
20033
20032
20031
20030
20029
20028
20027
20026
20025
20024
20023
20022
20021
20020
20019
20018
20017
20016
20015
20014
20012
20011
20010
20009
20008
20007
20005
20004
20003
20002
20001
19019
19018
19016
19015
19014
19013
19012
19011
19009
19008
19006
19005
19004
19003
19002
19001
22040
22039
22038
22037
22036
22035
22034
22031
22030
22029
22028
22027
22026
22024
22022
22020
22019
22018
22017
22016
22015
22014
22013
22012
22011
22010
22009
22008
22007
22006
22004
22003
22002
22001
23122
23121
23120
23119
23117
23116
23115
23114
23113
23112
23111
23110
23109
23108
23107
23106
23105
23104
23103
23102
23101
23100
23099
23098
23096
23095
23094
23093
23092
23091
23090
23089
23088
23087
23086
23083
23082
23081
23079
23078
23077
23076
23075
23074
23073
23069
23066
23065
23064
23063
23062
23060
23059
23058
23057
23055
23054
23053
23052
23051
23050
23049
23048
23047
23046
23045
23044
23043
23042
23040
23039
23038
23037
23036
23035
23034
23033
23032
23031
23030
23029
23028
23027
23026
23025
23023
23022
23021
23020
23019
23018
23017
23016
23014
23013
23012
23011
23010
23009
23008
23007
23006
23005
23004
23003
23002
23001
26044
26043
26042
26041
26040
26039
26038
26037
26036
26035
26034
26033
26032
26031
26030
26029
26028
26027
26026
26025
26024
26023
26022
26021
26020
26019
26018
26017
26016
26015
26014
26013
26012
26011
26010
26009
26008
26007
26006
26005
26004
26003
26002
26001
24064
24139
24136
24135
24133
24132
24131
24130
24127
24126
24125
24124
24123
24122
24121
24120
24119
24117
24116
24114
24113
24111
24109
24107
24106
24105
24104
24097
24096
24094
24093
24092
24090
24089
24088
24087
24086
24085
24084
24083
24082
24081
24080
24079
24078
24076
24075
24074
24073
24071
24070
24069
24068
24067
24066
24065
24062
24061
24060
24059
24058
24056
24055
24054
24053
24051
24050
24049
24047
24046
24045
24044
24042
24041
24040
24039
24038
24037
24036
24035
24031
24030
24029
24028
24027
24026
24025
24024
24023
24022
24020
24019
24018
24017
24016
24015
24013
24012
24011
24010
24009
24007
24006
24005
24004
24003
25055
25054
25053
25051
25050
25049
25042
25041
25040
25039
25038
25037
25033
25032
25031
25029
25028
25027
25026
25025
25024
25023
25022
25021
25020
25017
25016
25015
25013
25012
25011
25010
25008
25007
25006
25005
25004
25003
25002
25001
29040
29039
29038
29037
29034
29028
29027
29026
29025
29023
29021
29020
29019
29012
29011
29010
29009
29008
29006
29001
28078
28077
28076
28075
28074
28073
28071
28065
28064
28063
28061
28060
28059
28058
28057
28056
28055
28054
28053
28049
28048
28047
28046
28043
28040
28037
28035
28034
28033
28031
28030
28029
28028
28027
28026
28025
28024
28023
28020
28019
28014
28013
28012
28011
28010
28007
28006
28005
28003
28002
28001
27020
27019
27018
27017
27016
27015
27014
27012
27011
27010
27009
27008
27007
27005
27003
27001
31056
31054
31053
31052
31050
31049
31048
31047
31046
31045
31044
31043
31042
31041
31040
31039
31038
31037
31036
31035
31033
31032
31031
31030
31029
31028
31027
31026
31025
31024
31023
31022
31021
31020
31019
31018
31017
31014
31013
31011
31009
31008
31007
31004
31002
32165
32164
32163
32162
32161
32160
32159
32158
32157
32156
32155
32154
32153
32152
32151
32150
32149
32148
32147
32146
32145
32144
32143
32142
32141
32140
32139
32138
32137
32136
32135
32134
32133
32132
32131
32130
32129
32128
32127
32126
32125
32124
32123
32122
32121
32120
32119
32118
32117
32116
32115
32114
32113
32112
32111
32110
32109
32108
32107
32106
32105
32104
32103
32102
32101
32100
32099
32098
32097
32096
32095
32094
32093
32092
32091
32090
32089
32088
32087
32086
32085
32084
32083
32082
32081
32080
32079
32078
32077
32076
32075
32074
32073
32072
32071
32070
32069
32068
32067
32066
32065
32064
32063
32062
32061
32060
32059
32058
32057
32056
32055
32054
32053
32052
32051
32050
32049
32048
32047
32046
32045
32044
32043
32042
32041
32040
32039
32038
32037
32036
32035
32034
32033
32032
32031
32030
32029
32028
32027
32026
32025
32024
32023
32022
32021
32020
32019
32018
32017
32016
32015
32014
32013
32012
32011
32010
32009
32008
32007
32006
32005
32004
32003
32002
32001
35351
35350
35349
35348
35347
35346
35345
35344
35341
35340
35339
35337
35335
35334
35331
35330
35329
35327
35325
35324
35323
35321
35320
35319
35318
35317
35316
35315
35314
35311
35310
35308
35306
35304
35303
35301
35300
35299
35298
35297
35294
35292
35291
35290
35289
35288
35287
35286
35284
35283
35282
35281
35280
35279
35278
35277
35276
35275
35273
35272
35271
35268
35267
35266
35265
35264
35263
35262
35261
35260
35259
35258
35256
35255
35254
35253
35252
35251
35248
35247
35246
35245
35243
35242
35241
35239
35237
35235
35234
35233
35230
35228
35227
35226
35225
35224
35223
35222
35221
35220
35219
35218
35217
35216
35214
35213
35211
35206
35205
35204
35203
35202
35200
35199
35198
35197
35195
35194
35193
35192
35191
35190
35188
35185
35184
35183
35181
35180
35179
35177
35176
35175
35174
35173
35172
35170
35169
35167
35166
35165
35164
35163
35162
35161
35160
35159
35158
35157
35156
35155
35154
35153
35152
35151
35149
35148
35147
35146
35145
35144
35143
35141
35139
35138
35137
35136
35135
35134
35133
35131
35127
35126
35125
35124
35123
35122
35121
35120
35117
35116
35115
35114
35113
35111
35110
35109
35108
35107
35106
35105
35102
35101
35100
35099
35098
35097
35096
35094
35093
35092
35091
35090
35089
35088
35087
35086
35085
35083
35082
35080
35081
35076
35074
35073
35072
35071
35070
35069
35068
35067
35066
35065
35064
35063
35062
35061
35060
35059
35058
35057
35056
35055
35054
35053
35052
35048
35047
35046
35045
35044
35043
35042
35041
35040
35039
35038
35037
35036
35035
35034
35033
35032
35031
35030
35029
35028
35026
35025
35024
35023
35022
35020
35019
35018
35017
35016
35015
35014
35012
35011
35009
35008
35007
35006
35005
35004
35002
33133
33131
33130
33129
33127
33125
33123
33122
33120
33119
33118
33117
33115
33114
33113
33112
33111
33110
33109
33108
33107
33106
33105
33104
33103
33102
33100
33099
33098
33096
33092
33091
33090
33088
33087
33084
33083
33082
33081
33080
33079
33078
33077
33076
33074
33073
33071
33070
33067
33065
33064
33061
33059
33057
33055
33053
33051
33050
33047
33046
33045
33044
33042
33041
33040
33039
33038
33037
33036
33035
33034
33033
33032
33031
33030
33029
33028
33027
33026
33025
33024
33023
33022
33021
33020
33016
33015
33014
33013
33009
33008
33007
33006
33004
33002
33001
36337
36336
36335
36334
36333
36332
36330
36328
36327
36325
36322
36321
36318
36317
36316
36314
36312
36311
36309
36303
36301
36300
36298
36297
36296
36295
36293
36289
36288
36286
36285
36284
36283
36279
36278
36277
36276
36274
36268
36265
36264
36263
36262
36261
36260
36259
36258
36257
36256
36255
36254
36252
36251
36250
36248
36246
36245
36244
36243
36242
36241
36240
36239
36237
36236
36235
36234
36232
36231
36228
36227
36226
36224
36223
36220
36218
36215
36214
36213
36210
36209
36208
36206
36205
36204
36203
36202
36201
36198
36197
36196
36195
36194
36193
36192
36191
36190
36189
36188
36187
36186
36185
36183
36182
36181
36180
36179
36176
36175
36173
36172
36170
36169
36168
36166
36165
36164
36162
36161
36159
36156
36155
36154
36153
36152
36151
36150
36149
36148
36147
36146
36145
36142
36140
36139
36137
36136
36135
36134
36133
36132
36131
36130
36129
36127
36125
36124
36123
36119
36118
36117
36116
36115
36114
36113
36112
36111
36110
36109
36108
36107
36106
36105
36104
36103
36102
36101
36099
36097
36096
36095
36094
36093
36092
36091
36090
36089
36087
36086
36085
36084
36083
36082
36079
36078
36077
36076
36075
36071
36069
36068
36067
36066
36065
36064
36063
36061
36060
36059
36058
36057
36056
36055
36053
36051
36050
36049
36048
36047
36046
36044
36043
36041
36040
36039
36038
36037
36036
36035
36034
36032
36031
36030
36029
36028
36025
36024
36022
36021
36020
36019
36018
36016
36015
36014
36013
36012
36011
36010
36009
36008
36007
36005
36004
36002
36001
34100
34099
34098
34095
34093
34089
34088
34087
34086
34085
34083
34080
34079
34078
34076
34074
34073
34072
34071
34070
34069
34068
34067
34066
34064
34063
34062
34061
34060
34059
34058
34057
34056
34055
34054
34053
34052
34051
34050
34049
34048
34047
34045
34044
34043
34042
34041
34040
34037
34035
34033
34032
34030
34029
34027
34026
34024
34023
34022
34021
34020
34019
34018
34017
34016
34015
34014
34013
34012
34011
34010
34009
34008
34007
34006
34005
34003
34001
38067
38066
38065
38064
38063
38060
38059
38058
38057
38056
38055
38054
38053
38052
38051
38050
38049
38048
38047
38046
38045
38044
38043
38041
38040
38038
38037
38036
38035
38034
38033
38032
38031
38030
38029
38028
38027
38026
38025
38024
38023
38022
38021
38020
38019
38018
38017
38016
38015
38014
38013
38012
38011
38010
38009
38008
38007
38006
38005
38004
38003
38002
38001
37349
37161
37357
37356
37355
37354
37342
37352
37351
37347
37344
37343
37339
37338
37337
37336
37335
37334
37333
37332
37331
37329
37326
37324
37319
37318
37315
37313
37311
37310
37306
37305
37304
37303
37300
37299
37298
37297
37295
37294
37293
37292
37291
37290
37289
37288
37287
37286
37284
37285
37283
37282
37281
37280
37279
37274
37273
37272
37270
37269
37268
37267
37266
37265
37263
37261
37260
37259
37257
37256
37254
37251
37250
37248
37246
37245
37244
37243
37242
37240
37239
37238
37237
37236
37235
37234
37233
37232
37231
37230
37229
37228
37227
37226
37225
37224
37223
37222
37221
37220
37218
37217
37216
37214
37212
37211
37210
37209
37208
37207
37206
37205
37204
37203
37202
37200
37199
37198
37197
37196
37195
37194
37192
37191
37190
37189
37188
37186
37185
37184
37183
37182
37181
37180
37179
37177
37176
37175
37174
37173
37172
37171
37170
37169
37168
37167
37166
37165
37164
37163
37162
37160
37159
37156
37155
37154
37153
37152
37151
37150
37149
37148
37147
37146
37145
37144
37143
37142
37141
37140
37139
37138
37136
37135
37134
37133
37132
37131
37130
37129
37128
37127
37126
37125
37123
37122
37121
37120
37119
37118
37117
37116
37115
37114
37113
37112
37111
37110
37109
37108
37107
37106
37105
37104
37103
37102
37101
37100
37099
37098
37097
37096
37095
37093
37092
37091
37090
37089
37088
37087
37086
37085
37084
37083
37082
37081
37080
37079
37078
37077
37076
37074
37072
37070
37069
37068
37067
37065
37064
37063
37062
37061
37060
37059
37058
37057
37056
37055
37054
37053
37052
37051
37050
37049
37048
37047
37046
37045
37044
37043
37042
37041
37040
37039
37038
37037
37035
37034
37033
37032
37031
37030
37029
37028
37027
37026
37025
37024
37023
37022
37021
37020
37019
37018
37017
37016
37015
37014
37013
37012
37011
37010
37009
37008
37007
37005
37003
37002
37001
end
